route_id,direction_id,stop_sequence,stop_id
1,0,1,164
1,0,2,166
1,0,3,163
1,0,4,161
1,0,5,159
1,0,6,1
1,0,7,3
1,0,8,4
1,0,9,7
1,0,10,11
1,0,11,13
1,0,12,292
1,0,13,15
1,0,14,16
1,0,15,254
1,0,16,255
1,0,17,30
1,0,18,33
1,0,19,35
1,0,20,232
1,0,21,71
1,0,22,73
1,0,23,361
1,0,24,76
1,0,25,85
1,0,26,87
1,0,27,356
1,0,28,90
1,0,29,118
1,0,30,117
1,0,31,168
1,0,32,169
1,0,33,172
1,0,34,174
1,0,35,258
1,0,36,256
1,1,1,256
1,1,2,257
1,1,3,259
1,1,4,173
1,1,5,428
1,1,6,170
1,1,7,167
1,1,8,116
1,1,9,120
1,1,10,107
1,1,11,89
1,1,12,88
1,1,13,86
1,1,14,75
1,1,15,74
1,1,16,72
1,1,17,70
1,1,18,38
1,1,19,231
1,1,20,34
1,1,21,32
1,1,22,31
1,1,23,253
1,1,24,18
1,1,25,17
1,1,26,212
1,1,27,14
1,1,28,291
1,1,29,12
1,1,30,10
1,1,31,6
1,1,32,5
1,1,33,2
1,1,34,1
1,1,35,158
1,1,36,160
1,1,37,162
1,1,38,165
1,1,39,164
2,0,1,81
2,0,2,423
2,0,3,83
2,0,4,23
2,0,5,127
2,0,6,125
2,0,7,211
2,0,8,115
2,0,9,112
2,0,10,110
2,0,11,107
2,0,12,109
2,0,13,93
2,0,14,336
2,0,15,317
2,0,16,318
2,1,1,318
2,1,2,94
2,1,3,293
2,1,4,92
2,1,5,108
2,1,6,106
2,1,7,111
2,1,8,113
2,1,9,114
2,1,10,121
2,1,11,290
2,1,12,126
2,1,13,129
2,1,14,81
3,0,1,1
3,0,2,3
3,0,3,4
3,0,4,7
3,0,5,49
3,0,6,51
3,0,7,54
3,0,8,55
3,0,9,53
3,0,10,52
3,0,11,48
3,0,12,47
3,0,13,44
3,0,14,58
3,0,15,66
3,0,16,60
3,0,17,61
3,0,18,64
3,0,19,65
3,0,20,79
3,0,21,83
3,0,22,128
3,0,23,127
3,0,24,131
3,0,25,132
3,0,26,135
3,0,27,136
3,0,28,355
3,0,29,427
3,0,30,146
3,1,1,139
3,1,2,137
3,1,3,134
3,1,4,133
3,1,5,130
3,1,6,126
3,1,7,129
3,1,8,84
3,1,9,78
3,1,10,289
3,1,11,63
3,1,12,62
3,1,13,59
3,1,14,67
3,1,15,57
3,1,16,43
3,1,17,45
3,1,18,46
3,1,19,51
3,1,20,54
3,1,21,56
3,1,22,326
3,1,23,55
3,1,24,53
3,1,25,52
3,1,26,50
3,1,27,6
3,1,28,5
3,1,29,2
3,1,30,1
4,0,1,29
4,0,2,296
4,0,3,28
4,0,4,26
4,0,5,23
4,0,6,21
4,0,7,19
4,0,8,434
4,0,9,431
4,0,10,232
4,0,11,37
4,0,12,38
4,0,13,304
4,0,14,64
4,0,15,65
4,0,16,79
4,0,17,83
4,0,18,152
4,1,1,152
4,1,2,82
4,1,3,78
4,1,4,289
4,1,5,251
4,1,6,252
4,1,7,39
4,1,8,36
4,1,9,231
4,1,10,436
4,1,11,433
4,1,12,20
4,1,13,22
4,1,14,24
4,1,15,25
4,1,16,27
4,1,17,296
4,1,18,265
4,1,19,29
5,0,1,29
5,0,2,296
5,0,3,28
5,0,4,26
5,0,5,23
5,0,6,21
5,0,7,19
5,0,8,255
5,0,9,30
5,0,10,33
5,0,11,35
5,0,12,232
5,0,13,37
5,0,14,38
5,0,15,69
5,0,16,85
5,0,17,87
5,0,18,356
5,0,19,91
5,0,20,93
5,0,21,336
5,0,22,317
5,0,23,318
5,1,1,318
5,1,2,94
5,1,3,293
5,1,4,92
5,1,5,88
5,1,6,86
5,1,7,68
5,1,8,252
5,1,9,39
5,1,10,36
5,1,11,231
5,1,12,34
5,1,13,32
5,1,14,31
5,1,15,253
5,1,16,20
5,1,17,22
5,1,18,24
5,1,19,25
5,1,20,27
5,1,21,296
5,1,22,295
5,1,23,29
6,0,1,256
6,0,2,315
6,0,3,313
6,0,4,398
6,0,5,248
6,0,6,247
6,0,7,112
6,0,8,110
6,0,9,107
6,0,10,109
6,0,11,93
6,0,12,336
6,0,13,317
6,0,14,318
6,0,15,94
6,0,16,244
6,0,17,241
6,0,18,239
6,0,19,435
6,0,20,243
6,1,1,243
6,1,2,76
6,1,3,236
6,1,4,237
6,1,5,238
6,1,6,240
6,1,7,336
6,1,8,317
6,1,9,318
6,1,10,94
6,1,11,293
6,1,12,92
6,1,13,108
6,1,14,106
6,1,15,111
6,1,16,245
6,1,17,246
6,1,18,249
6,1,19,399
6,1,20,314
6,1,21,316
6,1,22,256
7,0,1,1
7,0,2,3
7,0,3,4
7,0,4,7
7,0,5,49
7,0,6,328
7,0,7,51
7,0,8,54
7,0,9,56
7,0,10,327
7,0,11,324
7,0,12,60
7,0,13,61
7,0,14,64
7,0,15,65
7,0,16,79
7,0,17,81
7,0,18,423
7,0,19,83
7,0,20,152
7,0,21,412
7,0,22,149
7,0,23,147
7,1,1,147
7,1,2,148
7,1,3,411
7,1,4,153
7,1,5,84
7,1,6,81
7,1,7,78
7,1,8,289
7,1,9,63
7,1,10,62
7,1,11,59
7,1,12,67
7,1,13,57
7,1,14,322
7,1,15,323
7,1,16,325
7,1,17,55
7,1,18,53
7,1,19,52
7,1,20,328
7,1,21,50
7,1,22,6
7,1,23,5
7,1,24,2
7,1,25,1